5
1
1 16 , 4 1 , 5 17 , 1 19
2
5 10 , 2 9 , 5 13 , 4 17
3
4 20 , 3 19 , 3 1 , 3 4 , 1 1 , 3 11 , 2 5 , 2 19 , 2 13 , 4 13 , 5 19 , 2 15 , 5 8 , 4 9 , 1 19 , 5 1 , 2 14 , 5 3 , 1 20 , 5 19 , 3 9 , 4 3 , 3 8 , 2 10 , 5 13 , 3 1 , 3 7 , 4 14 , 2 14 , 3 12 , 5 13
4
1 8 , 1 14 , 4 9 , 1 8 , 1 18 , 1 11 , 2 16 , 3 19 , 1 10 , 5 20 , 1 19 , 2 5 , 3 8 , 3 10 , 1 7 , 3 6 , 4 6 , 4 3 , 4 7 , 2 18 , 3 6 , 2 5 , 4 4 , 2 17 , 1 2 , 3 20 , 4 19 , 2 12 , 3 3 , 3 8 , 2 10
5
5 16 , 4 17 , 4 6 , 2 12 , 3 2 , 5 20 , 1 12 , 5 11 , 1 17 , 1 9 , 5 20 , 3 16 , 5 2 , 5 4 , 1 19 , 2 8 , 2 8 , 1 1 , 2 3 , 1 1 , 2 3 , 3 11 , 4 8 , 2 12 , 5 18 , 4 11 , 5 17
6
3 13 , 1 18 , 1 4 , 2 6 , 3 12 , 1 20 , 1 17 , 3 18 , 3 1 , 4 14 , 5 4 , 4 20 , 5 7 , 2 19 , 4 6 , 1 2 , 2 5 , 4 17 , 1 14 , 5 10 , 2 17 , 5 19 , 1 20 , 5 10 , 4 16 , 2 13 , 1 15 , 5 3 , 1 13 , 5 1 , 1 5 , 3 3 , 1 15 , 2 17 , 3 16 , 3 6 , 5 3 , 2 4 , 1 8 , 5 6
7
2 7 , 1 1 , 4 20 , 4 19 , 2 16 , 4 1 , 1 10 , 4 17 , 5 11 , 1 5 , 5 3 , 5 7 , 4 7 , 5 20 , 3 19 , 2 18 , 1 17 , 1 8 , 5 15 , 1 15 , 2 20 , 3 3 , 3 6 , 5 4 , 5 12 , 2 2 , 5 18
8
2 1 , 1 7 , 4 20 , 4 20 , 5 3 , 4 8 , 3 17 , 1 9 , 2 17 , 3 6 , 1 9 , 2 3 , 2 16 , 1 7 , 5 17 , 5 6 , 4 15 , 2 18 , 3 10 , 3 6 , 1 2 , 1 4 , 1 5 , 4 3 , 5 14 , 4 14 , 3 4 , 2 13 , 2 20
9
3 17 , 2 12 , 5 4 , 3 18